
Sum Exp: 239.82439646602865 
Sum Cheap: 95.08392817459081
 sumSoldCheap: 0.0
 sumSoldExp: -2.4259085062842964 
Zbir: 332.48241613433515